1	0	0	0	0	1	2
1	0	0	0	0	0	1
2	0	0	0	0	0	2
2	0	0	1	0	0	3
1	0	1	1	0	1	4
0	0	0	2	0	0	2
2	0	0	0	2	0	4
4	2	1	2	0	1	10
3	1	3	1	0	1	9
4	2	3	1	1	1	12
3	2	2	1	0	0	8
1	2	2	0	0	1	6
4	0	4	2	1	0	11
5	3	3	3	0	1	15
1	2	1	2	0	0	6
3	3	2	1	1	0	10
4	2	4	2	1	1	14
3	5	6	2	1	1	18
2	1	2	1	3	1	10
4	2	1	1	0	1	9
3	5	4	0	0	0	12
4	1	7	3	2	1	18
4	5	3	0	0	1	13
1	2	1	0	2	0	6
4	0	1	1	1	1	8
3	2	5	2	0	1	13
4	0	2	2	1	0	9
3	1	1	2	0	0	7
3	1	2	0	0	0	6
1	3	3	2	0	0	9
2	4	4	1	2	0	13
0	2	2	0	0	0	4
0	1	0	1	0	0	2
0	1	1	0	0	0	2
1	2	2	1	0	1	7
1	1	1	1	0	0	4
0	0	1	0	0	0	1
0	1	0	0	0	0	1
84	59	75	39	18	16	291